[SYRINGE]
position = 0

[GYROSCOPE]
gx_cal = -0.009700000000000007
gy_cal = -0.014449999999999977
gz_cal = 0.003250000000000002

[ACCELEROMETER]
ax_cal = -0.2234500000000001
ay_cal = -9.73485000000001
az_cal = 0.15415

