[SYRINGE]
position = 0

[GYROSCOPE]
gx_cal = -0.010038974256106873
gy_cal = -0.012402496529541984
gz_cal = 0.0032575039225190856

[ACCELEROMETER]
ax_cal = -0.13887566729736325
ay_cal = -9.721847377197266
az_cal = 0.2108932532348633

