[SYRINGE]
position = 0

[GYROSCOPE]
gx_cal = 0.010645176417557255
gy_cal = 0.013117948311297705
gz_cal = -0.003869035333740457

[ACCELEROMETER]
ax_cal = 0.03333925811767577
ay_cal = 9.728407489746083
az_cal = -0.00586579406738281

