[SYRINGE]
position = 0

[GYROSCOPE]
gx_cal = -0.008800000000000007
gy_cal = -0.013899999999999968
gz_cal = 0.003550000000000002

[ACCELEROMETER]
ax_cal = 0.8273500000000009
ay_cal = -9.685900000000016
az_cal = 0.4910499999999998

